D: 42.446249
R: 44.992378
R+2.5